[gd_scene load_steps=12 format=3 uid="uid://crkjpacfx7i28"]

[ext_resource type="Script" uid="uid://cwo0383i7lp5t" path="res://GameManager.gd" id="2_0mg8o"]
[ext_resource type="Texture2D" uid="uid://cbcvmw0uu6def" path="res://bubble.png" id="4_ie6cn"]
[ext_resource type="PackedScene" uid="uid://j60r80hv5k0e" path="res://Submarine prefabs/Submarine2.tscn" id="5_6smkg"]
[ext_resource type="Texture2D" uid="uid://c27aiw16v2f3p" path="res://builder/textures/prototype/black_check.png" id="5_r57mt"]

[sub_resource type="ProceduralSkyMaterial" id="ProceduralSkyMaterial_ie6cn"]
sky_top_color = Color(6.61798e-07, 0.233529, 0.303915, 1)
sky_horizon_color = Color(2.28621e-07, 0.19266, 0.209502, 1)
sky_cover_modulate = Color(5.29438e-07, 0.361346, 0.375673, 1)
ground_horizon_color = Color(0, 0.297012, 0.355205, 1)
sun_angle_max = 0.0

[sub_resource type="Sky" id="Sky_0b6a0"]
sky_material = SubResource("ProceduralSkyMaterial_ie6cn")

[sub_resource type="Environment" id="Environment_r0w22"]
background_mode = 2
sky = SubResource("Sky_0b6a0")
ambient_light_source = 2
reflected_light_source = 2
tonemap_mode = 2
ssr_enabled = true
ssao_enabled = true
ssil_enabled = true
sdfgi_enabled = true
fog_enabled = true
fog_mode = 1
fog_light_color = Color(0.0620565, 0.270143, 0.316007, 1)
fog_light_energy = 0.41
fog_density = 1.0
volumetric_fog_albedo = Color(0.529067, 0.529067, 0.529067, 1)

[sub_resource type="StandardMaterial3D" id="StandardMaterial3D_wqoum"]
albedo_texture = ExtResource("5_r57mt")
uv1_triplanar = true
uv1_world_triplanar = true
texture_filter = 2

[sub_resource type="ParticleProcessMaterial" id="ParticleProcessMaterial_6smkg"]
emission_shape = 1
emission_sphere_radius = 16.93
gravity = Vector3(0, 9.8, 0)

[sub_resource type="StandardMaterial3D" id="StandardMaterial3D_ugqrj"]
transparency = 1
blend_mode = 1
albedo_texture = ExtResource("4_ie6cn")
emission_enabled = true
emission = Color(0.469502, 0.454571, 0.45433, 1)
emission_energy_multiplier = 0.13
billboard_mode = 1

[sub_resource type="QuadMesh" id="QuadMesh_r57mt"]
material = SubResource("StandardMaterial3D_ugqrj")
size = Vector2(0.1, 0.1)

[node name="SCENE" type="Node3D"]

[node name="SKY" type="Node3D" parent="."]

[node name="WorldEnvironment" type="WorldEnvironment" parent="SKY"]
environment = SubResource("Environment_r0w22")

[node name="DirectionalLight3D" type="DirectionalLight3D" parent="SKY"]
transform = Transform3D(-0.932077, -0.25331, 0.25897, 0, 0.714876, 0.699252, -0.362259, 0.651757, -0.666319, 0, 6.38588, 0)
light_color = Color(0.324442, 0.412524, 0.456305, 1)
light_volumetric_fog_energy = 0.0
light_specular = 0.0

[node name="ENV" type="Node3D" parent="."]

[node name="GameManager" type="Node3D" parent="ENV"]
script = ExtResource("2_0mg8o")

[node name="Platform" type="Node3D" parent="ENV"]
transform = Transform3D(1, 0, 0, 0, 1, 0, 0, 0, 1, 0, 0, 3.07082)

[node name="Box" type="CSGBox3D" parent="ENV/Platform"]
transform = Transform3D(0.258819, 0.965926, 0, -0.965926, 0.258819, 0, 0, 0, 1, -78.4344, -2.51678, 0)
use_collision = true
collision_layer = 65
collision_mask = 0
size = Vector3(300, 1, 300)
material = SubResource("StandardMaterial3D_wqoum")

[node name="Box2" type="CSGBox3D" parent="ENV/Platform"]
transform = Transform3D(-0.258819, -0.965926, 8.74228e-08, -0.965926, 0.258819, 0, -2.26267e-08, -8.44439e-08, -1, 68.5656, -2.51678, 0)
use_collision = true
collision_layer = 65
collision_mask = 0
size = Vector3(300, 1, 300)
material = SubResource("StandardMaterial3D_wqoum")

[node name="Box3" type="CSGBox3D" parent="ENV/Platform"]
transform = Transform3D(3.394e-08, 1.26666e-07, 1, -0.998794, 0.0490939, 2.76806e-08, -0.0490939, -0.998794, 1.28179e-07, 16.149, -2.51678, 125.298)
use_collision = true
collision_layer = 65
collision_mask = 0
size = Vector3(300, 1, 300)
material = SubResource("StandardMaterial3D_wqoum")

[node name="Box4" type="CSGBox3D" parent="ENV/Platform"]
transform = Transform3D(0.000577468, 0.0117489, -0.999931, -0.998794, 0.0490939, 2.76806e-08, 0.0490905, 0.998725, 0.0117631, 16.149, -2.51678, -124.889)
use_collision = true
collision_layer = 65
collision_mask = 0
size = Vector3(300, 1, 300)
material = SubResource("StandardMaterial3D_wqoum")

[node name="CSGCylinder3D" type="CSGCylinder3D" parent="ENV"]
transform = Transform3D(0.746859, 0.664983, 0, -0.664983, 0.746859, 0, 0, 0, 1, -57.5848, -33.8637, 2.73517)
use_collision = true
radius = 8.49365
height = 266.755

[node name="CSGCylinder3D10" type="CSGCylinder3D" parent="ENV"]
transform = Transform3D(0.0706792, 0.997499, 0, -0.997499, 0.0706792, 0, 0, 0, 1, -57.5848, -102.583, 2.73517)
use_collision = true
radius = 8.49365
height = 266.755

[node name="CSGCylinder3D11" type="CSGCylinder3D" parent="ENV"]
transform = Transform3D(0.0706792, 0.997499, 0, -0.997499, 0.0706792, 0, 0, 0, 1, -57.5848, -102.583, 63.0467)
use_collision = true
radius = 8.49365
height = 266.755

[node name="CSGCylinder3D12" type="CSGCylinder3D" parent="ENV"]
transform = Transform3D(0.0706792, 0.997499, 0, -0.997499, 0.0706792, 0, 0, 0, 1, -57.5848, -48.5499, 63.0467)
use_collision = true
radius = 8.49365
height = 266.755

[node name="CSGCylinder3D5" type="CSGCylinder3D" parent="ENV"]
transform = Transform3D(0.866025, 0.5, -2.18557e-08, 0, -4.37114e-08, -1, -0.5, 0.866025, -3.78552e-08, -3.70175, 18.5899, 22.9622)
use_collision = true
radius = 3.88037
height = 362.352

[node name="CSGCylinder3D2" type="CSGCylinder3D" parent="ENV"]
transform = Transform3D(0.71102, -0.703171, 0, 0.703171, 0.71102, 0, 0, 0, 1, 38.1357, -11.3083, 2.73517)
use_collision = true
radius = 3.88037
height = 115.159

[node name="CSGCylinder3D9" type="CSGCylinder3D" parent="ENV"]
transform = Transform3D(0.181927, -0.983312, 0, 0.983312, 0.181927, 0, 0, 0, 1, -2.1036, 38.5395, -74.5611)
use_collision = true
radius = 13.6333
height = 224.858

[node name="CSGCylinder3D6" type="CSGCylinder3D" parent="ENV"]
transform = Transform3D(0.963626, -0.267255, 0, 0.267255, 0.963626, 0, 0, 0, 1, 3.45525, 13.5582, 21.3617)
use_collision = true
radius = 3.88037
height = 347.255
metadata/_edit_group_ = true

[node name="CSGCylinder3D7" type="CSGCylinder3D" parent="ENV"]
transform = Transform3D(1, 0, 0, 0, 1, 0, 0, 0, 1, -42.0908, 12.1376, 21.3617)
use_collision = true
radius = 6.90771
height = 383.672
metadata/_edit_group_ = true

[node name="CSGCylinder3D8" type="CSGCylinder3D" parent="ENV"]
transform = Transform3D(1, 0, 0, 0, 1, 0, 0, 0, 1, -37.9767, 9.09105, -33.9013)
use_collision = true
radius = 6.90771
height = 359.726
metadata/_edit_group_ = true

[node name="CSGCylinder3D3" type="CSGCylinder3D" parent="ENV"]
transform = Transform3D(0.286608, 0.520724, 0.804178, 2.68659e-09, 0.839392, -0.543526, -0.958048, 0.155779, 0.240577, -7.73829, -0.519533, -25.4205)
use_collision = true
radius = 3.88037
height = 222.493

[node name="CSGCylinder3D4" type="CSGCylinder3D" parent="ENV"]
transform = Transform3D(3.09086e-08, 0.707107, 0.707107, 1, -4.37114e-08, 0, 3.09086e-08, 0.707107, -0.707107, 37.538, 15.4163, 10.7099)
use_collision = true
radius = 7.46436
height = 121.784

[node name="submarine" parent="." instance=ExtResource("5_6smkg")]

[node name="GPUParticles3D" type="GPUParticles3D" parent="submarine"]
cast_shadow = 0
amount = 500
lifetime = 2.0
preprocess = 10.0
randomness = 1.0
process_material = SubResource("ParticleProcessMaterial_6smkg")
draw_pass_1 = SubResource("QuadMesh_r57mt")
